FSQ_TABLE,,,,,,,,,,,,,,,,,,,,,
#CLASS_LIST_LITERAL(Undisturbed_Forest,LOF_low_density,LOF_high_density,Undisturbed_Swamp_Forest,Logged_over_swamp_Forest,Rubber_agroforest,Coconut_or_Betelnut_agroforest,Cinnamon_agroforest,Coffee_agroforest,Mix_garden,Acacia_plantation,Rubber_monoculture,Oil_palm_monoculture,Coconut_monoculture,Shrub,Other_crops,Rice_field,Tea_plantation,Grass,Cleared_land,Settlement,Waterbody)
CLASS_LIST_NUMERIC(1,2,3,4,5,6,7,8,9,10,11,12,13,14,15,16,17,18,19,20,21,22)
0,0.127620045,0.121548413,0.218787143,0.247958762,0.144310269,0.144310269,0.144310269,0.144310269,0.391981853,0.226797743,0.226797743,0.226797743,0.226797743,0.19447746,0.391981853,0.391981853,0.391981853,0.494891643,0.723497975,0.783963706,0.687306567
0.127620045,0,0.038895492,0.342550945,0.349112772,0.038895492,0.038895492,0.038895492,0.038895492,0.268465198,0.106630592,0.106630592,0.106630592,0.106630592,0.197432939,0.268465198,0.268465198,0.268465198,0.268465198,0.603839988,0.659666428,0.714969213
0.121548413,0.038895492,0,0.340335556,0.359783302,0.077790984,0.077790984,0.077790984,0.077790984,0.292727342,0.137602252,0.137602252,0.137602252,0.137602252,0.229337086,0.292727342,0.292727342,0.292727342,0.399034387,0.629597313,0.681105075,0.747047264
0.218787143,0.342550945,0.340335556,0,0.116686476,0.349112772,0.349112772,0.349112772,0.349112772,0.591979455,0.42942213,0.42942213,0.42942213,0.42942213,0.292727342,0.591979455,0.591979455,0.591979455,0.6882002,0.909182127,0.979954632,0.626586489
0.247958762,0.349112772,0.359783302,0.116686476,0,0.342550945,0.342550945,0.342550945,0.342550945,0.564508308,0.413264603,0.413264603,0.413264603,0.413264603,0.232205192,0.564508308,0.564508308,0.564508308,0.650918704,0.860452881,0.939763405,0.510873632
0.144310269,0.038895492,0.077790984,0.349112772,0.342550945,0,1,1,1,0.247958762,0.082652921,0.082652921,0.082652921,0.082652921,0.168492583,0.168492583,0.247958762,0.247958762,0.350599228,0.579550174,0.639875916,0.683599339
0.144310269,0.038895492,0.077790984,0.349112772,0.342550945,1,0,1,1,0.247958762,0.082652921,0.082652921,0.082652921,0.082652921,0.168492583,0.168492583,0.247958762,0.247958762,0.350599228,0.579550174,0.639875916,0.683599339
0.144310269,0.038895492,0.077790984,0.349112772,0.342550945,1,1,0,1,0.247958762,0.082652921,0.082652921,0.082652921,0.082652921,0.168492583,0.168492583,0.247958762,0.247958762,0.350599228,0.579550174,0.639875916,0.683599339
0.144310269,0.038895492,0.077790984,0.349112772,0.342550945,1,1,1,0,0.247958762,0.082652921,0.082652921,0.082652921,0.082652921,0.168492583,0.168492583,0.247958762,0.247958762,0.350599228,0.579550174,0.639875916,0.683599339
0.391981853,0.268465198,0.292727342,0.591979455,0.564508308,0.247958762,0.247958762,0.247958762,0.247958762,0,0.165305841,0.165305841,0.165305841,0.165305841,0.340335556,1,1,1,0.106630592,0.336985165,0.391981853,0.763246609
0.226797743,0.106630592,0.137602252,0.42942213,0.413264603,0.082652921,0.082652921,0.082652921,0.082652921,0.165305841,0,1,1,1,0.209458635,0.165305841,0.165305841,0.165305841,0.268465198,0.498105336,0.557238165,0.701468095
0.226797743,0.106630592,0.137602252,0.42942213,0.413264603,0.082652921,0.082652921,0.082652921,0.082652921,0.165305841,1,0,1,1,0.209458635,0.165305841,0.165305841,0.165305841,0.268465198,0.498105336,0.557238165,0.701468095
0.226797743,0.106630592,0.137602252,0.42942213,0.413264603,0.082652921,0.082652921,0.082652921,0.082652921,0.165305841,1,1,0,1,0.209458635,0.165305841,0.165305841,0.165305841,0.268465198,0.498105336,0.557238165,0.701468095
0.226797743,0.106630592,0.137602252,0.42942213,0.413264603,0.082652921,0.082652921,0.082652921,0.082652921,0.165305841,1,1,1,0,0.209458635,0.165305841,0.165305841,0.165305841,0.268465198,0.498105336,0.557238165,0.701468095
0.19447746,0.197432939,0.229337086,0.292727342,0.232205192,0.168492583,0.168492583,0.168492583,0.168492583,0.340335556,0.209458635,0.209458635,0.209458635,0.209458635,0,0.340335556,0.340335556,0.340335556,0.420522377,0.628375905,0.707908641,0.517836182
0.391981853,0.268465198,0.292727342,0.591979455,0.564508308,0.168492583,0.168492583,0.168492583,0.168492583,1,0.165305841,0.165305841,0.165305841,0.165305841,0.340335556,0,0.340335556,0.340335556,0.106630592,0.336985165,0.391981853,0.763246609
0.391981853,0.268465198,0.292727342,0.591979455,0.564508308,0.247958762,0.247958762,0.247958762,0.247958762,1,0.165305841,0.165305841,0.165305841,0.165305841,0.340335556,0.340335556,0,1,0.106630592,0.336985165,0.391981853,0.763246609
0.391981853,0.268465198,0.292727342,0.591979455,0.564508308,0.247958762,0.247958762,0.247958762,0.247958762,1,0.165305841,0.165305841,0.165305841,0.165305841,0.340335556,0.340335556,1,0,0.106630592,0.336985165,0.391981853,0.763246609
0.494891643,0.268465198,0.399034387,0.6882002,0.650918704,0.350599228,0.350599228,0.350599228,0.350599228,0.106630592,0.268465198,0.268465198,0.268465198,0.268465198,0.420522377,0.106630592,0.106630592,0.106630592,0,0.230570643,0.291756704,0.78710833
0.723497975,0.603839988,0.629597313,0.909182127,0.860452881,0.579550174,0.579550174,0.579550174,0.579550174,0.336985165,0.498105336,0.498105336,0.498105336,0.498105336,0.628375905,0.336985165,0.336985165,0.336985165,0.230570643,0,0.104729318,0.896496796
0.783963706,0.659666428,0.681105075,0.979954632,0.939763405,0.639875916,0.639875916,0.639875916,0.639875916,0.391981853,0.557238165,0.557238165,0.557238165,0.557238165,0.707908641,0.391981853,0.391981853,0.391981853,0.291756704,0.104729318,0,1
0.687306567,0.714969213,0.747047264,0.626586489,0.510873632,0.683599339,0.683599339,0.683599339,0.683599339,0.763246609,0.701468095,0.701468095,0.701468095,0.701468095,0.517836182,0.763246609,0.763246609,0.763246609,0.78710833,0.896496796,1,0
